   9.6815618928256453e-01
   9.3835710286064622e-01
   9.6334667259229478e-01
   1.1190000819885169e+00
   9.0150324709855645e-01
   1.0779366864304603e+00
   1.0618233199724310e+00
   9.0131138351728390e-01
   9.9488601058211545e-01
   8.9535806540363105e-01
   1.0376732744651218e+00
   1.1987706667645754e+00
   9.4285252913359907e-01
   1.1090015467855838e+00
   1.1187627942117491e+00
   9.7517738636994833e-01
   1.0014550483048534e+00
   8.8588619571740668e-01
   1.0475613166674400e+00
   1.2221807999263425e+00
   1.1466434794512697e+00
   1.1574214793606057e+00
   1.1288799051510636e+00
   9.6568001470753184e-01
   1.0264130197254915e+00
   1.0794839188006393e+00
   1.1650709260197689e+00
   1.0278785509168000e+00
   9.6269212612795174e-01
   1.0151559158153387e+00
   9.6510232899132287e-01
   1.0074201240365339e+00
   1.0666071964740795e+00
   9.2860138225164168e-01
   1.2251108956914802e+00
   9.8609603012953340e-01
   8.7432160779467671e-01
   1.0346099221932197e+00
   9.6846117142830579e-01
   8.2628726405210950e-01
   8.9455565246449997e-01
   9.1984034610603693e-01
   1.0261952823102320e+00
   1.0621359099418228e+00
   9.8251223979316449e-01
   9.0944716248726565e-01
   9.1286994151497236e-01
   9.8802113162695271e-01
   9.7675439728722691e-01
   9.5618714638155244e-01
   1.0247203488428638e+00
   1.0214519222673477e+00
   9.1094640697810536e-01
   1.0453673857572550e+00
   8.5626700243613540e-01
   9.6006255394665196e-01
   9.7954270007405964e-01
   1.1202808396340524e+00
   1.1154119480141749e+00
   9.3034745217667558e-01
   9.7056158247128810e-01
   8.9358177255383442e-01
   1.0348430813028282e+00
   1.0288806537154354e+00
   9.9871268628268572e-01
   9.8384826874625553e-01
   9.2989584758426647e-01
   9.5415724721920536e-01
   1.1728901141426755e+00
   1.0891743721990155e+00
   9.0395674768721035e-01
   9.5433893108413848e-01
   1.1255544613657866e+00
   9.6419436214080090e-01
   8.9217683340907294e-01
   1.0481722503878215e+00
   8.8104100658563411e-01
   9.4643331745750547e-01
   8.7968600035367162e-01
   1.1956095657132266e+00
   1.0350894752535265e+00
   9.6272064570554139e-01
   9.8906926011967544e-01
   9.0138025645628361e-01
   1.0477270103121923e+00
   8.9307252825008221e-01
   1.1927491411260984e+00
   7.7120152142380960e-01
   9.9179943655306979e-01
   1.0212911484301614e+00
   7.8690521546892656e-01
   9.9834982435132469e-01
   1.0115623674965535e+00
   1.0078603231336201e+00
   1.1140384668043346e+00
   1.0844781870540878e+00
   1.0025582591653766e+00
   1.0307541458072891e+00
   1.0083525622437550e+00
   1.0685579078924696e+00
   8.7255433947702210e-01
   1.0336156199747817e+00
   1.1508657936892006e+00
   1.0149810413954476e+00
   8.0218432640205428e-01
   9.4723942081739554e-01
   9.5513431815558714e-01
   1.0212231308434163e+00
   1.0719727231231122e+00
   1.2163773700883216e+00
   9.9945157848117450e-01
   1.2144047788741570e+00
   1.2362714869133848e+00
   1.1626761145689894e+00
   1.0144447915064694e+00
   8.5298710812978107e-01
   1.0563118167367078e+00
   1.0577851433677095e+00
   9.1524825919342911e-01
   9.2256743709852040e-01
   1.0821048171914667e+00
   7.9039780747203137e-01
   1.0632376530250394e+00
   1.0836322249832382e+00
   9.1803171037532327e-01
   1.0652698811139079e+00
   1.0461270639040228e+00
   8.0434725680147068e-01
   1.0527127654612747e+00
   9.5988523746534116e-01
   9.5003536382975506e-01
   7.8780687668259441e-01
   9.5220101102249166e-01
   1.1653019861649676e+00
   1.0840251908009004e+00
   9.9422932178069834e-01
   1.2264548917279054e+00
   1.1264909761962993e+00
   8.2588732210091698e-01
   9.6912206128701550e-01
   9.9764583906939075e-01
   1.1418166794828828e+00
   1.1437115654570933e+00
   1.1210153066591200e+00
   8.1221035920402962e-01
   1.0552130625285212e+00
   1.0419749565981764e+00
   9.5676416728596492e-01
   9.4276600813308820e-01
   1.1669788712043700e+00
   9.1047471757416332e-01
   9.4423892297596790e-01
   1.0445892887270500e+00
   1.0643735187599774e+00
   8.6729331430066858e-01
   1.0538429718021425e+00
   1.0726072517428158e+00
   1.0182329299978927e+00
   1.0112728025124023e+00
   1.1509537910744043e+00
   1.0625120811480779e+00
   8.8467518403046586e-01
   1.2641527562892032e+00
   9.2790554037737727e-01
   9.6524978349993229e-01
   1.0141363994517121e+00
   1.1135817712521039e+00
   9.3449578995374882e-01
   9.5815031344681956e-01
   1.0004059805197887e+00
   9.4044904062616674e-01
   9.4920313896016828e-01
   9.7062259131829753e-01
   9.3846866581268307e-01
   1.1637322684326250e+00
   1.1331787970154550e+00
   1.0166745487746465e+00
   1.0517095426059579e+00
   1.1710495703344759e+00
   1.0431549960728612e+00
   9.5214640187391164e-01
   1.1242060474548035e+00
   9.7678636903849558e-01
   9.6213657235958217e-01
   1.0951982245941525e+00
   1.0889520513858475e+00
   1.0184629159267085e+00
   9.7181430480124631e-01
   8.7099310861196411e-01
   9.9672612419438988e-01
   9.0563632626444934e-01
   1.1280616546988371e+00
   1.1251596453889143e+00
   8.7252530047750643e-01
   1.1666744553244748e+00
   9.6096099626766018e-01
   9.4934591727127815e-01
   1.0722619756920801e+00
   9.6046007574817549e-01
   9.4891296304927186e-01
   1.0676752151517572e+00
   1.0579968548080672e+00
   9.8027062512129004e-01
   8.7123282829040827e-01
   1.0481628263068037e+00
   1.1419801915014878e+00
   9.9046086837487712e-01
   1.1616804143373483e+00
   1.2333067805587818e+00
   1.0235809287937214e+00
   1.0176247429721208e+00
   9.9044688915789436e-01
   9.3073652496278558e-01
   1.0402693245141192e+00
   1.0543780732436694e+00
   1.0352221070927181e+00
   9.5432082763739190e-01
   1.1116358314097556e+00
   9.1829255876034632e-01
   9.0526485780899146e-01
   1.0750968651150654e+00
   9.4638116465461830e-01
   8.6918208262722074e-01
   9.8270948942920133e-01
   1.1079722155678924e+00
   1.0720977258105235e+00
   8.6567682246040834e-01
   1.0176618125576251e+00
   9.7454298248919025e-01
   1.0747035699275169e+00
   8.6928393999783704e-01
   1.1147476829482310e+00
   9.9807036236064861e-01
   9.9172762143297255e-01
   1.0542676142358893e+00
   1.0661351067363263e+00
   1.0145357660190091e+00
   1.0039467415380550e+00
   1.1197021773958697e+00
   1.0082551628566496e+00
   1.0859482229690347e+00
   9.9991204572106152e-01
   1.0625633610723177e+00
   9.6959381807660316e-01
   1.0360251070800186e+00
   8.7903411283403210e-01
   9.1220615571380537e-01
   1.0275506752991164e+00
   1.1361273037749673e+00
   9.9156295836479658e-01
   9.4921104956047753e-01
   9.0283269767948160e-01
   1.0094860457129788e+00
   1.0703497497618426e+00
   9.4729046117398552e-01
   9.7207531947329651e-01
   1.0687513664210939e+00
   9.2921961578105627e-01
   9.6790655013952787e-01
   1.0158522059042832e+00
   1.2376575364451774e+00
   9.0558202495324469e-01
   1.0164063045086325e+00
   9.5719749795575992e-01
   1.0721181148243215e+00
   9.8237243960196674e-01
   9.5911466542364454e-01
   9.5523045855072819e-01
   1.0245093863506796e+00
   9.0440222583383478e-01
   9.1899814471192642e-01
   9.8954834181690221e-01
   9.7136657090109746e-01
   1.0217549469111922e+00
   9.5898243098948055e-01
   9.2304476910252198e-01
   9.5577750812428941e-01
   1.0977081192072919e+00
   1.0586729973900266e+00
   9.8970659370990222e-01
   1.0063433238942829e+00
   8.7982789761247004e-01
   1.1079726498930766e+00
   1.1064684594159397e+00
   9.3645471491099053e-01
   9.3719418505722196e-01
   1.3827955683807942e+00
   8.1642502450506849e-01
   9.2952636643319464e-01
   1.0783584981181598e+00
   9.7533501053249294e-01
   9.4138562096394474e-01
   9.7524077091458561e-01
   9.3726166800313937e-01
   1.2156772307838193e+00
   8.8878299525785420e-01
   1.0424022054809570e+00
   9.6823728951874710e-01
   1.0902926432907214e+00
   1.0363106566073350e+00
   9.8935650465271241e-01
   8.9848201835217167e-01
   1.0199232055511400e+00
   9.2753469839696867e-01
   1.0603998722936177e+00
   8.8625951333629227e-01
   8.5878487647103419e-01
   9.6363813623102901e-01
   9.5475838398748769e-01
   1.1607187957057414e+00
   9.9117931304371076e-01
   1.0926381716874713e+00
   1.0066906309680086e+00
   7.8541386653563339e-01
   1.0165246645306503e+00
   9.8498163270650696e-01
   1.0639438733985949e+00
   9.8840526924935401e-01
   7.8391932818922094e-01
   9.3937160289965194e-01
   9.6182413494535068e-01
   1.0928563522814525e+00
   9.3554336855189490e-01
   1.0165615187945838e+00
   9.5650508847728677e-01
   1.0435559961195107e+00
   1.0658889596290499e+00
   9.0570441487515718e-01
   8.7709355529495603e-01
   1.0641610247279949e+00
   9.3053358798639241e-01
   9.3222130658054259e-01
   1.0870692982598946e+00
   1.0578302334855960e+00
   9.2483364799448187e-01
   9.6542406889014498e-01
   1.3031124333003994e+00
   1.1589867362147592e+00
   1.1334243924011669e+00
   1.0068741432372290e+00
   1.0835406430183121e+00
   9.4728328453071320e-01
   1.0028958801826842e+00
   8.3458092279022578e-01
   1.0930648602821238e+00
   9.5656269480264211e-01
   1.0313160400610366e+00
   9.2600867013402244e-01
   1.0408753949964724e+00
   9.8961987223614256e-01
   1.1819679347995953e+00
   7.3794104318520592e-01
   9.8503379065866803e-01
   1.1437820377963837e+00
   1.0097986678311093e+00
   1.0907855810567197e+00
   1.2658630084085556e+00
   8.5723838182659529e-01
   9.9975970152129889e-01
   1.0075493570107223e+00
   9.7459721445947411e-01
   1.0584404178886095e+00
   9.3190005314091162e-01
   9.2511735534415751e-01
   9.3854853072201139e-01
   1.0565849016827253e+00
   9.5369809346695300e-01
   1.0130731621286821e+00
   1.0020532600511938e+00
   9.3973037020425898e-01
   9.4463350638574861e-01
   1.1401669991661383e+00
   9.2897861829067385e-01
   9.4188065201363447e-01
   8.3724545807745987e-01
   9.5461012127656497e-01
   1.1846073057975932e+00
   9.0800039751902495e-01
   1.0755264974020045e+00
   9.5178345496143024e-01
   7.7994988486427630e-01
   1.1956924126507920e+00
   1.1768743618263096e+00
   1.1729112049705006e+00
   1.0867007094722090e+00
   7.6450239536575193e-01
   8.7323871187041890e-01
   1.0409471020870482e+00
   8.1150786625389415e-01
   9.9142630926618103e-01
   1.0471115269617075e+00
   9.7884383113023266e-01
   9.1383889895718107e-01
   9.3525006154737589e-01
   9.4802166794342801e-01
   9.8016348427295985e-01
   9.6013866156103922e-01
   9.3533960478534561e-01
   1.1348241248740263e+00
   9.8524471592250396e-01
   9.5881897545098216e-01
   1.0237063271696829e+00
   1.0411464719738193e+00
   1.0261394163907867e+00
   1.1513335701659371e+00
   1.1520667252589940e+00
   1.2020945535427952e+00
   9.3697877932843554e-01
   8.8985630138400273e-01
   1.0596770742142154e+00
   8.5680464537660628e-01
   1.1538567133321254e+00
   9.8071074198653974e-01
   1.0455966246118800e+00
   1.0550264461337513e+00
   8.8123214197490674e-01
   8.0949163226151966e-01
   9.9208704610597465e-01
   8.4867979634013657e-01
   9.7553666804050987e-01
   9.0440510844635591e-01
   7.4587996375937693e-01
   9.2182382417955855e-01
   9.6771962355435170e-01
   1.0468177169825541e+00
   1.2971402570000377e+00
   1.1189774482966715e+00
   1.1714703947675218e+00
   8.2666602944665746e-01
   9.3369738772632127e-01
   1.0299101519547980e+00
   8.5852697417964663e-01
   9.1924806515447843e-01
   8.9000118554369922e-01
   9.7419618121864404e-01
   1.0191641708248371e+00
   1.0042798518800109e+00
   9.1294852465110865e-01
   9.0266134592331371e-01
   9.7550315085068451e-01
   1.0780612813102528e+00
   8.3764892671126057e-01
   1.1869772857274465e+00
   8.1580321350974472e-01
   9.4392647186281664e-01
   8.9970695884234531e-01
   1.0568925815377044e+00
   1.0269913845193557e+00
   1.0297365849001614e+00
   1.1949726313333386e+00
   8.8022956918887063e-01
   8.6824298402386535e-01
   8.3748545679184250e-01
   1.0222994305820197e+00
   9.4396695444797118e-01
   1.2333096668859638e+00
   1.0207558586057344e+00
   1.1017929932339301e+00
   1.1485616590223549e+00
   1.0092251934362679e+00
   8.3713494546456180e-01
   1.0141065971233618e+00
   1.0002105354969446e+00
   8.8914985354679166e-01
   9.0931962750242801e-01
   9.3717764603384723e-01
   9.8103815698933572e-01
   1.0014314413406449e+00
   1.0337586819421687e+00
   1.2051069977672535e+00
   1.0920789483141846e+00
   1.0726398252061609e+00
   1.0532699434499213e+00
   1.1555942420819842e+00
   1.0506742931773916e+00
   7.8290907824933809e-01
   9.8757646739763494e-01
   1.0214323235602925e+00
   9.4279778238652745e-01
   1.0224819351583898e+00
   1.0549834311650750e+00
   1.1288387210368340e+00
   9.2534265759175038e-01
   8.7827970296780022e-01
   9.2442022118712719e-01
   9.5215113328914602e-01
   9.0428307410341890e-01
   1.1958852983708326e+00
   1.0097330928867445e+00
   9.8906209270402878e-01
   1.0178961481156421e+00
   1.0338723985999136e+00
   9.6604393103265829e-01
   1.3213197895620739e+00
   1.1241447648090237e+00
   9.7552380338262579e-01
   1.0954858607916900e+00
   1.0258886497385176e+00
   9.5721799438159727e-01
   9.8586131326162141e-01
   8.1223359792371264e-01
   9.3909700864628476e-01
   1.0882708020969323e+00
   8.8443048073934272e-01
   9.9420860415266898e-01
   1.0887614258917762e+00
   1.1276871208819526e+00
   9.4028900033016027e-01
   9.8879816448296665e-01
   1.1209048696722870e+00
   1.0460229119248099e+00
   8.4167423282993148e-01
   9.1465225272415052e-01
   9.6490691027900777e-01
   8.0922109667899922e-01
   9.4481706099836127e-01
   9.0511920024661130e-01
   9.9480254817109204e-01
   1.0382066963983589e+00
   9.0190331507025967e-01
   1.0006762318905549e+00
   1.1019525107855621e+00
   1.0526149926233144e+00
   1.4016507157258877e+00
   8.8881313982930099e-01
   1.2705943331241152e+00
   1.1175998838598706e+00
   1.0201360866332105e+00
   1.0608327198276077e+00
   8.3924559977997526e-01
   9.5279330718211086e-01
   9.4530771601894681e-01
   9.6038831847958539e-01
   1.1514522394848594e+00
   1.0648591722817307e+00
   8.6310087560887072e-01
   9.4062149453549670e-01
   9.3937872717847504e-01
   8.9691052025641038e-01
   9.7697642126534867e-01
   9.9712295981736598e-01
   7.7405553692510221e-01
   1.0449207072285598e+00
   1.0602279285471417e+00
   9.6914436378593760e-01
   1.0217603060504210e+00
   9.4064967090140528e-01
   9.2481559067004604e-01
   9.1994681481509233e-01
   1.0388594199469845e+00
   1.1150330728533639e+00
   1.2991225940207625e+00
   1.0671680567345694e+00
   1.0468521578793974e+00
   1.0953389421746627e+00
   1.0572607686613009e+00
   1.0944531702924334e+00
   9.2663609145650283e-01
   1.1328934786446372e+00
   1.0239187689705336e+00
   1.0454388054534285e+00
   8.5809131488092916e-01
   9.8161381087760347e-01
   1.2306621286371289e+00
   1.0178697414257751e+00
   9.6892099771859164e-01
   9.6160241040569250e-01
   9.6844027195955640e-01
   9.9862611009367430e-01
   1.0357065480891579e+00
   1.0005373119492120e+00
   9.0805541394087386e-01
   9.3302417910613933e-01
   1.0094638074179367e+00
   1.1101715088571940e+00
   1.2103360828260066e+00
   1.1151685669572347e+00
   9.8175055413917445e-01
   8.5485323727537388e-01
   9.2058782462121813e-01
   8.7423799054184903e-01
   8.5132857315868737e-01
   8.8321319636525586e-01
   1.0141983410220663e+00
   1.0684652909157519e+00
   8.6034549473507704e-01
   1.0209598799493944e+00
   9.1191218228791415e-01
   9.5514971792065606e-01
   9.4826812154359397e-01
   1.0596499683316285e+00
   1.0148084525141161e+00
   1.0710671202817670e+00
   1.0962957951557666e+00
   1.0878356515952698e+00
   8.1741792901777199e-01
   1.0078768973235286e+00
   8.3275927173330644e-01
   8.7890012441687482e-01
   9.3958844983424195e-01
   1.0643320805256271e+00
   1.0166472015651502e+00
   1.1249264421351208e+00
   9.6007812428166450e-01
   1.0610331614274109e+00
   9.4983535092625759e-01
   1.0886878667410176e+00
   9.7412431947214895e-01
   1.0462747264522123e+00
   1.0266132732578761e+00
   9.2742682858439729e-01
   1.1710401123014658e+00
   9.8746294570583004e-01
   9.3717144878377567e-01
   1.0632489656640864e+00
   1.0592622614894978e+00
   1.0851597399772472e+00
   9.8004800628494149e-01
   1.1303126216370010e+00
   1.1818755214896941e+00
   1.0314257609043291e+00
   1.2375371071539818e+00
   7.9502016681682042e-01
   9.2468739273663869e-01
   8.9819294572774000e-01
   1.1264804926850533e+00
   1.1600084506031318e+00
   1.2273887208355474e+00
   9.0141619104152870e-01
   9.4641906453017488e-01
   1.1798956547786392e+00
   9.6300709349643365e-01
   9.2129627393188929e-01
   9.7424624127715265e-01
   1.0597084009919118e+00
   9.4631087760411436e-01
   9.6669128759712908e-01
   1.1708383525169550e+00
   1.0315503664199774e+00
   1.0101389249106567e+00
   1.0507695968237323e+00
   9.7017583645881578e-01
   9.4521956450373656e-01
   1.0085245892960613e+00
   8.3744787496260242e-01
   1.0948024009394686e+00
   9.8056347193830273e-01
   9.5567839010613131e-01
   9.0251419747474859e-01
   9.4368882960265910e-01
   1.1553925919765371e+00
   9.7203373744373522e-01
   1.0383441081177742e+00
   8.3945771480872078e-01
   9.6598605689178918e-01
   1.0148411324179221e+00
   8.0127284424601197e-01
   8.8133053340127054e-01
   1.1649243954242794e+00
   1.0767265906433892e+00
   8.4485129046284535e-01
   1.0107655727539360e+00
   1.0604499102688318e+00
   9.0032466463667382e-01
   9.5265847087402444e-01
   1.0925932917419630e+00
   1.0732235328207920e+00
   1.0902909943188337e+00
   9.0019340400086578e-01
   1.0126639709972380e+00
   9.8418545676721103e-01
   1.0289970847114038e+00
   1.0392353796474572e+00
   1.0352099614443344e+00
   9.7552516226581998e-01
   9.7614832015505859e-01
   1.0551233043455435e+00
   8.1791584411031726e-01
   9.0444941164098358e-01
   1.0967778367458141e+00
   9.7728945370804965e-01
   1.1908894813379696e+00
   1.3293289782660553e+00
   1.1778936109939151e+00
   9.9278390548960793e-01
   9.9658214927148381e-01
   9.3882019697585239e-01
   1.0505715447704460e+00
   1.0148814808147963e+00
   1.0487355006158541e+00
   9.0038848608304711e-01
   9.3309649502065517e-01
   9.6441288396569091e-01
   9.1411883643856595e-01
   1.2833655971436255e+00
   1.0779767432843492e+00
   9.7802085640526448e-01
   9.9287375270646627e-01
   1.0937551637188665e+00
   9.0643827931318988e-01
   1.0245453643711455e+00
   1.0410960856610829e+00
   1.0159511835641297e+00
   9.5257469546518259e-01
   1.0535277709757507e+00
   9.0955356970102474e-01
   1.1386931471280064e+00
   1.0709985692963830e+00
   1.2321452901801402e+00
   1.0110242139219277e+00
   1.0859937553135446e+00
   1.0093917382002238e+00
   1.1021125590651242e+00
   9.5914373082376381e-01
   9.7853281681304782e-01
   1.0414420225512853e+00
   1.0295473743306298e+00
   9.4584384991622750e-01
   1.0050708013588447e+00
   1.0547933080802585e+00
   1.0245550248718192e+00
   1.0037911717932093e+00
   8.2631655954481209e-01
   1.1240884577396226e+00
   9.5912782331808877e-01
   1.2189240994928079e+00
   1.1893442188473355e+00
   8.0699558180563824e-01
   9.2107631785137278e-01
   1.1678046445164685e+00
   9.4762017195048087e-01
   9.9628892537799518e-01
   1.0974900362656757e+00
   9.8311088352471265e-01
   8.9028550949354035e-01
   9.2033400812640731e-01
   9.1263659970051958e-01
   1.0107527661095013e+00
   9.7127957357738337e-01
   9.2158885795547774e-01
   1.0957781366173978e+00
   1.0009265727297296e+00
   1.0393588352221845e+00
   8.3486978121114230e-01
   9.5253350937876113e-01
   9.7500047523849176e-01
   9.5421623544244916e-01
   1.0142187998650687e+00
   1.0366347882889837e+00
   9.8477648316593480e-01
   8.8270735778858411e-01
   8.9917398623267786e-01
   1.1801349434591342e+00
   1.1089757795154362e+00
   1.0209793991901728e+00
   8.1046469855083214e-01
   1.0063013379335597e+00
   8.7089053705044261e-01
   9.4838177953543290e-01
   1.0549461156411222e+00
   1.0334491757259050e+00
   9.2824868129546367e-01
   1.0437907324326121e+00
   1.0108061622158315e+00
   8.9497905485059559e-01
   8.8867993709321558e-01
   1.0808898196347332e+00
   9.9313455122544014e-01
   1.0043539412268354e+00
   8.2130438735883315e-01
   1.0679079574555890e+00
   9.2313546758000875e-01
   1.0067154487540355e+00
   9.9578045148891647e-01
   9.5831631993007238e-01
   1.0673730158590071e+00
   9.5640216798183342e-01
   8.6224226504927637e-01
   1.1045587959043612e+00
   9.9717717571889142e-01
   1.0220780737553901e+00
   1.0478297147842877e+00
   9.8362740025417283e-01
   7.6044466573198000e-01
   1.0245679138032404e+00
   9.7687848242121733e-01
   9.7685416591698082e-01
   9.0936138020731616e-01
   9.5304884429445924e-01
   1.0336926527980719e+00
   1.0298497031246874e+00
   9.5134006172415697e-01
   1.1040505393130948e+00
   1.0426269912549433e+00
   1.0212784425789683e+00
   9.4771382951248961e-01
   7.8750507480098664e-01
   8.7712387442807194e-01
   1.2286549292777618e+00
   9.3821330153983284e-01
   1.0134419849976219e+00
   1.1481008069193914e+00
   1.0157996481843032e+00
   9.0869253640643000e-01
   8.7073901995749881e-01
   1.0126426841628757e+00
   9.3750219544484747e-01
   9.9442750216639486e-01
   1.0886631107030715e+00
   8.7004734726189126e-01
   8.6741455144219137e-01
   1.0295282809095705e+00
   8.9312306821068266e-01
   1.0448994067945767e+00
   1.1131976746251167e+00
   8.1089824078731731e-01
   9.3651841235152333e-01
   8.9067367966420785e-01
   9.5239392360922037e-01
   8.5235043222759599e-01
   9.8057221913818760e-01
   9.8879969204050222e-01
   9.5285409025493395e-01
   1.1153644443173258e+00
   8.3882103097281091e-01
   8.6236480566934814e-01
   1.3499316526380389e+00
   9.9321741764899818e-01
   1.0438633858280308e+00
   1.0868843516866453e+00
   9.6204400441872451e-01
   1.0033630933590716e+00
   1.1695459519493179e+00
   9.3326896012524740e-01
   9.8897172410913581e-01
   1.1724288250825396e+00
   1.0191593678745687e+00
   1.0317461116758357e+00
   1.0004285226240857e+00
   1.0249227411242379e+00
   1.0504446808301939e+00
   1.0379892504384287e+00
   1.0035420864152311e+00
   1.0123375771487080e+00
   1.0316527759137426e+00
   9.7017271602052690e-01
   1.0291387505674368e+00
   1.2250066237994526e+00
   9.1043722188429499e-01
   1.0680018528225352e+00
   1.0481456681593619e+00
   8.8966620295304910e-01
   1.0830729256347680e+00
   1.1214288667534660e+00
   1.0961958073046147e+00
   1.0307440182877963e+00
   9.4618437620337792e-01
   1.0415576492542573e+00
   1.0274467956773998e+00
   1.1233863298785491e+00
   9.5858854286908435e-01
   1.0899734214424670e+00
   1.2080316103825639e+00
   1.0037453873123969e+00
   1.0594128551446962e+00
   8.9025857663765573e-01
   9.0885249587595662e-01
   1.2515072348670533e+00
   1.0209694529816096e+00
   9.0747703649266576e-01
   1.0333934218514993e+00
   9.1734109295036548e-01
   9.3166294087089174e-01
   1.0245243542434515e+00
   1.1822352905297517e+00
   1.1211543033652664e+00
   1.0053377681177365e+00
   1.0312621544159271e+00
   1.1533333495683498e+00
   9.2805671686213587e-01
   1.0924260607511682e+00
   7.9909940203060048e-01
   1.0373858195483898e+00
   8.3707301503100418e-01
   1.0241610640862211e+00
   9.8669571426264036e-01
   1.0084016327289684e+00
   9.8319367594279294e-01
   1.0168316601080780e+00
   9.8996314681968123e-01
   1.0622600241871285e+00
   1.0578883366943026e+00
   1.0093687109475897e+00
   1.0057022986348421e+00
   1.1014567417458914e+00
   1.0989486895377625e+00
   1.2436921589991330e+00
   1.1376824461134656e+00
   8.9434860331078148e-01
   9.8043893131407855e-01
   1.0742964358613361e+00
   9.6782549992145561e-01
   8.6198499495071690e-01
   1.0746942322285338e+00
   1.0442426974249031e+00
   8.8755584301544055e-01
   9.1655942542696733e-01
   1.0008082234278659e+00
   9.2386426413218015e-01
   1.0643274663364357e+00
   1.0470238557460765e+00
   9.7976204318138682e-01
   1.0850550225695959e+00
   1.1435969340607821e+00
   1.3179384914860217e+00
   8.9926502420947341e-01
   8.7528396050995005e-01
   8.1749757923734157e-01
   9.1368255697150691e-01
   9.3041549601704920e-01
   1.0578404009625815e+00
   1.2274087985126059e+00
   1.0279469221740665e+00
   9.0443564558409573e-01
   9.1731112858803698e-01
   1.0068837254565153e+00
   9.4733567141416142e-01
   9.4735780721942264e-01
   7.7988595481172462e-01
   1.0150279546167937e+00
   9.3743374872900553e-01
   1.0393537721942665e+00
   9.1308663085595809e-01
   1.0671470295828609e+00
   9.5916797218165462e-01
   9.6395051011840227e-01
   9.9737851750555728e-01
   1.0374664447168800e+00
   8.8527369284194812e-01
   9.8054831212001714e-01
   8.9231506791421611e-01
   1.2097987334530440e+00
   9.5759140662397413e-01
   8.4683873923407416e-01
   1.1176962121601639e+00
   8.2906189468082814e-01
   1.0031748939614675e+00
   9.9851156067890201e-01
   8.5194699432021836e-01
   9.3086351569024750e-01
   9.8003254061413581e-01
   9.9645488133632787e-01
   1.0994683237408924e+00
   8.6201085697435531e-01
   8.8767884152348342e-01
   1.1743147068303310e+00
   9.4333798536773661e-01
   9.6395164489580398e-01
   9.7342051288711151e-01
   1.1249603580874179e+00
   9.8057766767524157e-01
   9.0462254330680170e-01
   9.5985774100609955e-01
   9.6908110724981333e-01
   9.8239982850220964e-01
   9.8798531769914466e-01
   1.0517679310138617e+00
   1.0588249680296684e+00
   1.0949379228271225e+00
   1.0935606142569694e+00
   1.1554125803260928e+00
   9.7206166101747349e-01
   1.2553979355761071e+00
   1.0590301701088085e+00
   1.0686878146323247e+00
   1.1547442434620141e+00
   8.1901108703115189e-01
   1.1080434277767990e+00
   8.9866660624337413e-01
   1.0613715120382696e+00
   9.2160184918706567e-01
   9.9016986630636428e-01
   9.9673545254821505e-01
   9.1092823846584914e-01
   9.6563563462874202e-01
   9.9502390716909495e-01
   9.5753164122025602e-01
   1.0015371396741952e+00
   8.9607181488539489e-01
   1.0142574627264860e+00
   8.3012219120102404e-01
   9.9490803859554855e-01
   1.2747010521183995e+00
   1.0342444038040151e+00
   8.3602023415256499e-01
   8.1136861309943775e-01
   9.4029104719994139e-01
   1.0418871642046621e+00
   9.6513975747077008e-01
   9.6923804817265480e-01
